3664563759
2127952315
4123072387
5834647945
3293196822
9201886129
5416771400
7421854946
4876178883
8511426114
8485622783
7003923806
2589423308
1891253286
4623416776
3012684277
8743091544
2738728093
7463153612
1355079530
1437523438
7435961046
2219847475
1858449978
8433984003
7492027753
8468272349
2695261566
8256624098
9115174479
7247218336
1847809810
5911329769
9195602302
9578045441
8749357327
4249980563
8744685507
3872132793
4937283463
8039090134
4204843909
8135651978
1046485315
7071474222
7034816719
8636586436
6712497760
9921926501
5501650439
